#   71.115  -4.268  11.674 ;Mean Elev.(m), Avg Gradient(m/km), RMS Gradient(m/km) - SRTM1     
#   52.546  -4.366  12.215 ;Mean Elev.(m), Avg Gradient(m/km), RMS Gradient(m/km) - ASTER GDEM
#   71.206  -3.498  11.737 ;Mean Elev.(m), Avg Gradient(m/km), RMS Gradient(m/km) - GMTED2010 
  8   5.056617   9.171031   104.395   104.395  2 52489.40653078 13.193
  9   5.053580   9.179213   104.952   103.708  3 52524.40650600  8.502
 14   5.058334   9.167998    90.804    90.660  3 52699.40649706 17.962
 15   5.058317   9.169570    70.551    70.677  3 52734.40652459 39.882
 16   5.052425   9.181180   113.823   113.823  2 52769.40651704  7.007
 17   5.054283   9.177619   128.839   128.839  2 52804.40654755  4.280
 21   5.059491   9.165190    71.887    71.887  2 52944.40656345 42.559
 22   5.055270   9.175040    97.139    97.139  2 52979.40661462 14.330
 23   5.052213   9.181180   104.809   104.809  2 53014.40661113  6.694
 26   5.052609   9.181562   130.588   130.384  3 53119.40658931  3.209
 28   5.059050   9.171105    91.644    91.644  2 53189.40663265 15.174
 32   5.055112   9.176185    91.405    91.167  3 53329.40661882 18.019
 33   5.056134   9.173040    91.307    91.320  3 53364.40657049 18.549
 34   5.054437   9.180760   103.753   103.753  2 53399.40659300  8.159
 35   5.055347   9.174879    91.447    91.596  3 53434.40658449  7.852
 36   5.053590   9.180493   102.578   102.578  2 53469.40662626  5.812
 37   5.050857   9.182739   116.276   116.276  2 53504.40666860  5.917
 38   5.052953   9.179178   113.944   113.944  2 53539.40666796  8.128
 39   5.051313   9.182525   128.226   128.226  2 53574.40666453  6.020
 40   5.052624   9.181357   121.023   126.606  3 53609.40661470  3.986
 41   5.055048   9.179824   104.908   104.908  2 53644.40661759  6.791
 43   5.055547   9.171601    90.424    90.424  2 53714.40656513 17.664
 44   5.058490   9.169257    91.133    90.922  4 53749.40648076 17.651
 45   5.056538   9.171203    90.559    90.405  3 53784.40651098 18.957
 47   5.051680   9.182770   102.656   102.701  3 53854.40655043  8.194
 48   5.058860   9.165592   110.290   110.290  2 53889.40656225 15.480
 51   5.057222   9.170937   103.806   103.806  2 53994.40655044 16.278
 52   5.056674   9.176225    71.878    71.878  2 54029.40660818 23.500
 53   5.057062   9.175394    91.636    91.636  2 54064.40660232  8.890
 54   5.053943   9.180577   115.054   115.054  2 54099.40656718  7.008
 57   5.054383   9.177650   103.272   103.629  3 54204.40653033  9.333
 58   5.055080   9.176574   105.381   104.572  3 54239.40656459  9.195
 59   5.055162   9.178427   113.001   113.001  2 54274.40658159  6.985
 64   5.054867   9.176997    90.976    90.976  2 54449.40648663 16.763
 65   5.055384   9.173911    91.620    91.324  3 54484.40650370 17.230
 66   5.055658   9.175765    91.632    91.632  2 54519.40650051  6.870
 67   5.054290   9.180325    95.598    95.598  2 54554.40651378  1.604
 68   5.054481   9.176708   117.399   122.114  3 54589.40649576  7.477
 69   5.054085   9.177635   128.111   128.009  3 54624.40651320  1.406
 70   5.053076   9.179907   128.362   128.282  3 54659.40652121  2.017
 71   5.054675   9.177550   125.818   125.818  2 54694.40650138  4.681
 73   5.053826   9.176778    72.618    72.618  2 54764.40648026 40.183
 74   5.054355   9.177493    91.576    91.292  3 54799.40646967 17.810
 77   5.052875   9.183414   102.871   102.871  2 54904.40647883  9.853
 78   5.054152   9.173994    91.962    91.962  2 54939.40645800 10.283
 80   5.053421   9.179170   106.192   106.192  2 55009.40650155  7.839
 81   5.054847   9.176747    91.750    91.468  3 55044.40649166 14.315
 82   5.054239   9.178164   105.080   104.971  3 55079.40646792  8.069
 83   5.054977   9.176715    73.063    73.011  3 55114.40642456 43.567
 84   5.053590   9.179672    71.231    71.231  2 55149.40642388 47.385
 86   5.053571   9.180016    92.186    92.186  2 55219.40642187 17.569
 89   5.053689   9.182410   130.197   130.197  2 55324.40638895  3.530
 90   5.053559   9.178618    91.993    92.184  3 55359.40638813  7.599
 91   5.054556   9.177722   116.378   122.755  3 55394.40639227  5.917
 93   5.055027   9.175816    99.354    99.354  2 55464.40636689 17.042
