#   23.082  -0.132   1.457 ;Mean Elev.(m), Avg Gradient(m/km), RMS Gradient(m/km) - SRTM1     
#   12.952  -0.483   3.795 ;Mean Elev.(m), Avg Gradient(m/km), RMS Gradient(m/km) - ASTER GDEM
#   23.100  -0.082   1.599 ;Mean Elev.(m), Avg Gradient(m/km), RMS Gradient(m/km) - GMTED2010 
  7   6.646884   6.656110    22.075    22.071  8 52467.40105102 45.206
  8   6.646465   6.656689    23.897    23.896  7 52502.40104195 44.501
  9   6.648183   6.655065    26.077    26.115  8 52537.40102770 43.074
 10   6.645901   6.658064    25.696    25.684  8 52572.40106535 31.809
 11   6.649697   6.653026    21.178    20.958  8 52607.40102358 48.266
 12   6.647144   6.657105    19.841    20.021  8 52642.40102109 40.358
 13   6.649398   6.653654    19.672    19.676  8 52677.40100728 46.722
 14   6.646483   6.656216    19.386    19.573  7 52712.40103968 44.583
 15   6.639534   6.661969    19.494    19.511  4 52747.40106536 21.504
 16   6.647095   6.657270    19.361    19.371  8 52782.40100524 23.773
 17   6.646258   6.657379    21.389    21.374  8 52817.40108430 47.713
 18   6.648660   6.653326    23.769    23.800  8 52852.40113538 34.850
 20   6.646947   6.655841    26.857    26.851  8 52922.40112410 41.756
 21   6.652110   6.646569    22.623    22.592 10 52957.40109131 43.064
 22   6.651023   6.651323    20.453    20.432  9 52992.40111277 42.228
 23   6.651593   6.647404    19.605    19.577 10 53027.40107886 32.357
 24   6.652760   6.647515    20.001    19.797 10 53062.40108773 27.973
 25   6.643242   6.663744    19.560    19.385  7 53097.40110661 44.794
 26   6.654052   6.643243    19.640    19.652 11 53132.40108511 46.603
 28   6.647136   6.657214    22.834    22.818  8 53202.40116027 47.755
 29   6.652545   6.647864    24.185    24.202 10 53237.40113079 42.327
 30   6.650840   6.650887    25.905    25.789  9 53272.40108729 34.281
 31   6.643773   6.661505    23.556    23.595  8 53307.40114933 36.089
 32   6.647079   6.655632    20.603    20.640  7 53342.40111742 44.460
 33   6.651563   6.647050    20.787    20.389 10 53377.40105466 26.009
 34   6.650358   6.648785    18.982    19.008  9 53412.40109427 38.300
 36   6.642958   6.663252    19.467    19.584  7 53482.40116206 35.421
 37   6.648507   6.654943    20.146    20.263  8 53517.40116473 24.309
 38   6.642902   6.662391    21.033    21.085  7 53552.40118487 40.622
 39   6.650243   6.650070    22.749    22.772  9 53587.40113981 38.109
 40   6.643676   6.661740    25.161    25.180  8 53622.40110504 38.124
 41   6.646842   6.657319    25.462    25.465  8 53657.40113380 50.732
 42   6.646165   6.656436    22.004    22.004  8 53692.40111852 44.852
 43   6.649386   6.653482    19.908    19.873  8 53727.40104238 45.108
 44   6.653275   6.643958    19.415    19.405 11 53762.40099887 51.206
 45   6.650185   6.650787    19.150    19.133  8 53797.40100934 31.439
 47   6.646398   6.656446    20.175    19.700  7 53867.40106699 27.318
 48   6.646823   6.655458    21.390    20.838  8 53902.40109741 31.078
 49   6.639428   6.662988    22.355    22.355  4 53937.40113399 47.654
 50   6.644781   6.660075    23.862    23.893  8 53972.40109886 42.934
 51   6.650169   6.652470    26.487    26.491  8 54007.40108547 47.437
 52   6.651632   6.649438    24.428    24.391 10 54042.40111137 47.920
 53   6.648022   6.656172    20.962    20.905  8 54077.40110419 45.109
 54   6.646875   6.656628    20.927    20.395  7 54112.40104327 25.252
 56   6.647239   6.656889    19.670    19.668  8 54182.40103156 32.752
 57   6.647114   6.654662    19.918    19.887  8 54217.40105529 47.376
 58   6.647602   6.656365    20.806    20.895  8 54252.40108067 35.537
 59   6.649256   6.653970    20.849    20.855  8 54287.40108641 37.192
 60   6.649202   6.653679    23.417    23.408  8 54322.40108350 43.884
 61   6.648490   6.654400    26.873    26.888  8 54357.40104183 48.658
 62   6.648360   6.652651    26.117    25.996  8 54392.40102439 28.723
 63   6.648558   6.653378    22.149    22.177  8 54427.40099248 43.582
 64   6.649057   6.653389    20.673    20.575  9 54462.40100194 43.687
 65   6.649041   6.654988    20.204    20.115  8 54497.40100042 36.568
 66   6.649417   6.651676    19.693    19.638  8 54532.40101551 25.752
 67   6.648164   6.655298    19.488    19.511  8 54567.40100479 27.773
 68   6.648191   6.655994    20.103    20.061  8 54602.40100975 26.507
 69   6.647158   6.656457    20.729    20.692  8 54637.40102132 45.384
 70   6.647338   6.656727    22.515    22.538  8 54672.40102427 45.482
 71   6.649462   6.654003    25.045    25.052  8 54707.40098418 38.984
 72   6.648304   6.654580    26.740    26.703  8 54742.40099017 32.894
 73   6.649331   6.654227    23.549    23.501  8 54777.40096618 38.575
 74   6.648630   6.654046    21.013    21.051  8 54812.40098334 36.106
 75   6.647944   6.654846    20.181    20.212  8 54847.40096607 42.427
 76   6.647222   6.655470    19.806    19.746  7 54882.40098696 42.495
 77   6.646025   6.657971    19.510    19.593  8 54917.40096816 35.980
 78   6.647569   6.656365    20.594    19.730  8 54952.40097978 31.260
 79   6.645987   6.656587    22.462    22.617  7 54987.40100463 29.385
 80   6.648986   6.652805    21.540    21.527  8 55022.40099768 36.979
 81   6.648584   6.654527    23.836    23.848  8 55057.40099307 48.141
 82   6.647282   6.655579    26.402    26.377  7 55092.40094941 35.794
 83   6.647984   6.653130    26.270    26.269  8 55127.40093397 46.735
 84   6.648036   6.655927    22.286    22.259  8 55162.40091069 48.588
 85   6.648118   6.655063    20.733    20.807  8 55197.40092434 39.824
 86   6.646954   6.655763    20.005    20.023  7 55232.40091506 27.661
 87   6.648642   6.655305    19.657    19.551  8 55267.40091907 28.163
 88   6.648583   6.652971    20.512    19.786  8 55302.40089503 39.803
 89   6.648053   6.655702    22.237    22.359  8 55337.40089320 31.247
 90   6.648963   6.654437    20.902    20.851  8 55372.40088359 34.651
 91   6.649657   6.652866    22.457    22.469  9 55407.40090361 42.682
 92   6.648638   6.654417    25.221    25.228  8 55442.40090228 48.407
 93   6.648597   6.653866    26.775    26.784  8 55477.40084342 40.041
