#    7.637  -0.141   3.178 ;Mean Elev.(m), Avg Gradient(m/km), RMS Gradient(m/km) - SRTM1     
#   14.148  -0.276   2.721 ;Mean Elev.(m), Avg Gradient(m/km), RMS Gradient(m/km) - ASTER GDEM
#   10.877  -0.068   2.925 ;Mean Elev.(m), Avg Gradient(m/km), RMS Gradient(m/km) - GMTED2010 
  8     8.506 52502.40130240 50.78   6.350876   5.321281 28.116
  8     8.528 52502.40130305 34.58   6.350146   5.317971 28.116
  9    10.711 52537.40128782 51.63   6.352724   5.321337 34.975
  9    10.385 52537.40128847 32.91   6.351994   5.318037 34.975
 10    10.994 52572.40132612 45.12   6.349858   5.321017 40.570
 10    10.698 52572.40132677 35.71   6.349128   5.317717 40.570
 11     7.052 52607.40128371 22.87   6.354474   5.319276 18.628
 11     6.243 52607.40128436 23.94   6.353744   5.315976 18.628
 12     4.321 52642.40128186 48.90   6.351034   5.320065 18.806
 12     4.253 52642.40128251 53.00   6.350304   5.316755 18.806
 13     4.328 52677.40126740 38.66   6.354189   5.319899 25.968
 13     4.320 52677.40126805 38.08   6.353449   5.316589 25.968
 14     3.893 52712.40130012 46.28   6.350746   5.320861 16.416
 14     3.910 52712.40130077 50.71   6.350016   5.317561 16.416
 15     4.275 52747.40132678 34.55   6.342858   5.321592 19.019
 15     3.688 52747.40132742 24.79   6.342128   5.318292 19.019
 16     3.740 52782.40126601 40.84   6.350919   5.320240 18.338
 16     3.682 52782.40126666 42.05   6.350189   5.316940 18.338
 17     5.492 52817.40134507 24.94   6.350096   5.320353 14.931
 17     7.024 52817.40134572 23.02   6.349366   5.317043 14.931
 18     8.498 52852.40139551 40.19   6.353297   5.319594 37.792
 18     8.323 52852.40139615 37.95   6.352567   5.316284 37.792
 20    11.282 52922.40138423 49.91   6.351754   5.322084 36.711
 20    11.245 52922.40138487 35.44   6.351024   5.318774 36.711
 21     8.402 52957.40135014 48.34   6.358179   5.319459 36.299
 21     8.397 52957.40135079 55.49   6.357449   5.316149 36.299
 22     5.265 52992.40137257 52.03   6.356065   5.319238 35.368
 22     5.218 52992.40137322 51.22   6.355330   5.315927 11.517
 23     4.332 53027.40133770 47.12   6.357874   5.320266 40.782
 23     4.376 53027.40133834 51.53   6.357146   5.316955 17.159
 23     4.306 53027.40133899 52.55   6.356416   5.313655 17.159
 24     4.281 53062.40134657 32.88   6.358908   5.320407 33.197
 24     4.301 53062.40134721 37.29   6.358178   5.317097 33.197
 24     4.369 53062.40134786 48.10   6.357448   5.313797 33.197
 25     3.924 53097.40136834  8.86   6.346220   5.321696  7.137
 25     7.035 53097.40136899  9.51   6.345490   5.318396  7.137
 26     4.543 53132.40134363 46.69   6.360539   5.317769 26.047
 26     4.504 53132.40134427 50.69   6.359809   5.314459 26.047
 28     7.058 53202.40142104 29.80   6.351102   5.320183 31.505
 28     7.025 53202.40142169 25.33   6.350372   5.316873 31.505
 29     8.921 53237.40138962 42.34   6.358800   5.320713 32.011
 29     8.747 53237.40139027 29.37   6.358070   5.317403 32.011
 29     8.629 53237.40139091 25.79   6.357340   5.314093 32.011
 30    10.894 53272.40134709 37.48   6.355734   5.318824 34.739
 30    10.898 53272.40134774 40.56   6.355004   5.315524 34.739
 31     8.794 53307.40141075 46.38   6.346957   5.321166 25.901
 31     8.818 53307.40141139 41.58   6.346227   5.317866 25.901
 32     5.150 53342.40137787 36.77   6.351480   5.320228 16.898
 32     5.090 53342.40137852 35.02   6.350750   5.316928 16.898
 33     4.710 53377.40131350 45.25   6.357551   5.319947 28.373
 33     4.730 53377.40131415 53.46   6.356821   5.316637 28.373
 34     3.941 53412.40135343 39.06   6.356160   5.320010 32.305
 34     3.940 53412.40135408 43.04   6.355430   5.316710 32.305
 36     3.852 53482.40142380 41.39   6.345759   5.321235 16.435
 36     3.880 53482.40142445 50.20   6.345029   5.317925 16.435
 37     4.231 53517.40142486 47.19   6.353237   5.321192 27.294
 37     4.172 53517.40142550 53.08   6.352507   5.317892 27.294
 38     5.324 53552.40144660 31.44   6.345804   5.320410 12.751
 38     5.367 53552.40144725 36.51   6.345074   5.317100 12.751
 39     7.516 53587.40139897 25.76   6.356126   5.321272 33.079
 39     7.313 53587.40139962 22.10   6.355396   5.317962 33.079
 39     7.538 53587.40140026 29.36   6.354656   5.314662 33.079
 40     9.767 53622.40136646 43.91   6.346758   5.321415 33.967
 40     9.455 53622.40136710 32.80   6.346028   5.318105 33.967
 41    10.081 53657.40139457 51.95   6.350741   5.320296 37.921
 41    10.144 53657.40139521 44.48   6.350011   5.316986 37.921
 42     6.632 53692.40137929 53.19   6.350196   5.319377 24.846
 42     6.631 53692.40137993 51.06   6.349466   5.316077 24.846
 43     4.782 53727.40130251 50.17   6.354251   5.319718 25.855
 43     4.699 53727.40130316 49.64   6.353521   5.316408 25.855
 44     4.549 53762.40125739 49.18   6.359709   5.318499 25.764
 44     4.365 53762.40125803 51.71   6.358979   5.315189 25.764
 45     4.060 53797.40126882 40.87   6.355724   5.320329 28.299
 45     3.994 53797.40126947 48.43   6.354994   5.317029 28.299
 47     3.930 53867.40132744 42.18   6.350676   5.321043 19.074
 47     3.916 53867.40132809 49.23   6.349936   5.317743 19.074
 48     5.347 53902.40135754 42.29   6.351517   5.321706 22.030
 48     5.320 53902.40135819 49.58   6.350787   5.318396 22.030
 50     8.519 53972.40136028 37.66   6.348113   5.319710 24.305
 50     8.304 53972.40136092 35.78   6.347383   5.316410 24.305
 51    11.045 54007.40134495 46.00   6.355469   5.322043 36.404
 51    11.060 54007.40134560 43.91   6.354729   5.318743 36.404
 51    11.092 54007.40134624 47.62   6.353999   5.315433 36.404
 52    10.201 54042.40137085 45.20   6.357003   5.319028 24.792
 52    10.187 54042.40137150 42.87   6.356273   5.315728 24.792
 53     5.354 54077.40136496 52.25   6.352066   5.319097 16.326
 53     5.499 54077.40136561 53.27   6.351336   5.315797 16.326
 54     4.593 54112.40130372 46.97   6.351378   5.321175 21.217
 54     4.638 54112.40130437 49.98   6.350648   5.317865 21.217
 56     4.203 54182.40129234 24.60   6.351367   5.319812 16.910
 56     4.728 54182.40129298 29.19   6.350637   5.316512 16.910
 57     4.654 54217.40131542 42.81   6.351752   5.320891 14.305
 57     4.412 54217.40131606 47.66   6.351022   5.317591 14.305
 58     4.891 54252.40134145 22.80   6.351564   5.319317 15.073
 58     4.955 54252.40134209 31.22   6.350834   5.316017 15.073
 59     5.596 54287.40134654 23.15   6.353999   5.320256 15.388
 59     5.493 54287.40134718 21.90   6.353269   5.316946 15.388
 60     7.813 54322.40134362 42.35   6.353922   5.319932 16.425
 60     7.921 54322.40134427 42.12   6.353192   5.316622 16.425
 61    11.078 54357.40130196 42.55   6.353337   5.320627 37.251
 61    10.742 54357.40130260 28.67   6.352611   5.317315 23.839
 62    11.358 54392.40128387 49.81   6.353789   5.322215 42.864
 62    11.101 54392.40128452 35.45   6.353059   5.318905 42.864
 62    11.303 54392.40128516 37.19   6.352329   5.315605 42.864
 63     7.034 54427.40125261 50.19   6.353325   5.319616 29.463
 63     7.066 54427.40125325 53.65   6.352595   5.316306 29.463
 64     4.928 54462.40126175 36.35   6.354069   5.321300 18.900
 64     5.014 54462.40126239 39.80   6.353339   5.318000 18.900
 65     4.548 54497.40126055 36.56   6.353809   5.321241 21.403
 65     4.721 54497.40126119 44.44   6.353079   5.317941 21.403
 66     4.276 54532.40127499 26.36   6.354828   5.321229 33.472
 66     4.106 54532.40127563 31.95   6.354098   5.317929 33.472
 67     4.102 54567.40126492 43.97   6.353001   5.321510 24.768
 67     4.066 54567.40126556 46.41   6.352271   5.318200 24.768
 68     4.323 54602.40126988 31.45   6.352885   5.322272 18.316
 68     4.270 54602.40127053 35.09   6.352155   5.318962 18.316
 68     4.396 54602.40127117 38.20   6.351415   5.315662 18.316
 69     5.253 54637.40128209 29.32   6.351157   5.319415 18.360
 69     5.006 54637.40128274 30.62   6.350427   5.316115 18.360
 70     6.810 54672.40128504 26.47   6.351343   5.319661 18.432
 70     6.867 54672.40128569 31.16   6.350613   5.316351 18.432
 71     9.701 54707.40124431 42.19   6.354259   5.320242 38.309
 71     9.739 54707.40124495 44.66   6.353529   5.316942 38.309
 72    11.370 54742.40125029 48.02   6.352982   5.320873 39.884
 72    11.329 54742.40125094 49.01   6.352252   5.317573 39.884
 73     9.169 54777.40122630 35.48   6.354091   5.320472 36.847
 73     8.956 54777.40122695 30.08   6.353361   5.317162 36.847
 74     5.269 54812.40124347 45.02   6.353249   5.320294 21.556
 74     5.180 54812.40124411 44.34   6.352519   5.316984 21.556
 75     4.557 54847.40122620 34.39   6.352726   5.321112 25.072
 75     4.484 54847.40122684 39.64   6.351996   5.317802 25.072
 76     4.377 54882.40124741 45.34   6.351533   5.320104 16.928
 76     4.333 54882.40124806 48.61   6.350803   5.316794 16.928
 77     4.376 54917.40122893 45.81   6.350127   5.320856 15.843
 77     4.237 54917.40122958 51.47   6.349397   5.317556 15.843
 78     4.161 54952.40124055 41.71   6.351520   5.319299 19.680
 78     4.019 54952.40124120 46.08   6.350790   5.315999 19.680
 79     4.770 54987.40126508 45.25   6.350315   5.321218 19.547
 79     4.583 54987.40126572 54.04   6.349585   5.317918 19.547
 80     5.780 55022.40125716 28.32   6.354462   5.322360 31.405
 80     6.036 55022.40125781 30.20   6.353732   5.319050 31.405
 80     5.977 55022.40125845 40.31   6.353002   5.315750 31.405
 81     8.592 55057.40125320 39.20   6.353326   5.320769 33.206
 81     8.501 55057.40125385 26.37   6.352596   5.317459 33.206
 82    11.123 55092.40120986 45.04   6.351748   5.320180 32.105
 82    11.017 55092.40121050 43.62   6.351018   5.316880 32.105
 83    10.906 55127.40119410 33.39   6.352680   5.319403 37.914
 83    10.625 55127.40119474 35.50   6.351950   5.316093 37.914
 84     7.178 55162.40117082 29.80   6.352794   5.322153 19.197
 84     7.026 55162.40117146 29.52   6.352064   5.318853 19.197
 84     6.974 55162.40117211 30.86   6.351334   5.315543 19.197
 85     5.053 55197.40118447 30.10   6.352763   5.321339 13.809
 85     5.087 55197.40118511 39.42   6.352033   5.318039 13.809
 86     4.543 55232.40117551 28.83   6.351404   5.320370 12.299
 86     4.763 55232.40117615 31.12   6.350674   5.317060 12.299
 87     4.256 55267.40117919 27.57   6.353331   5.321535 24.313
 87     4.246 55267.40117984 41.94   6.352601   5.318235 24.313
 88     3.908 55302.40115516 37.05   6.353414   5.319180 30.580
 88     4.032 55302.40115580 44.79   6.352684   5.315870 30.580
 89     4.656 55337.40115332 46.29   6.352790   5.321983 18.694
 89     4.724 55337.40115397 51.24   6.352058   5.318674 11.599
 90     5.347 55372.40114372 46.83   6.353705   5.320695 23.887
 90     5.385 55372.40114436 46.08   6.352975   5.317385 23.887
 91     7.027 55407.40116341 16.12   6.354692   5.320764 30.526
 91     6.567 55407.40116406 16.97   6.353962   5.317454 30.526
 92    10.082 55442.40116241 36.30   6.353389   5.320680 35.266
 92     9.684 55442.40116305 29.52   6.352659   5.317370 35.266
 93    11.339 55477.40110354 52.34   6.353453   5.320114 31.112
 93    11.229 55477.40110419 49.23   6.352723   5.316814 31.112
