#   23.082  -0.132   1.457 ;Mean Elev.(m), Avg Gradient(m/km), RMS Gradient(m/km) - SRTM1     
#   12.952  -0.483   3.795 ;Mean Elev.(m), Avg Gradient(m/km), RMS Gradient(m/km) - ASTER GDEM
#   23.100  -0.082   1.599 ;Mean Elev.(m), Avg Gradient(m/km), RMS Gradient(m/km) - GMTED2010 
  7    22.248 52467.40104876 46.08   6.649451   6.667678 31.281
  7    22.110 52467.40104941 44.56   6.648721   6.664378 31.281
  7    22.217 52467.40105005 46.98   6.647981   6.661068 31.281
  7    22.021 52467.40105070 47.28   6.647251   6.657768 31.281
  7    21.926 52467.40105134 39.36   6.646521   6.654458 31.281
  7    21.982 52467.40105199 38.80   6.645780   6.651152 31.697
  7    22.078 52467.40105263 48.38   6.645050   6.647842 31.697
  7    22.018 52467.40105327 38.87   6.644320   6.644542 31.697
  8    23.904 52502.40104002 29.80   6.648665   6.666611 28.918
  8    23.937 52502.40104066 30.69   6.647935   6.663301 28.918
  8    23.969 52502.40104131 31.91   6.647195   6.659991 28.918
  8    24.013 52502.40104195 35.38   6.646465   6.656691 28.918
  8    23.814 52502.40104260 37.30   6.645735   6.653381 28.918
  8    23.806 52502.40104324 50.08   6.644995   6.650081 28.918
  8    23.836 52502.40104389 49.19   6.644265   6.646771 28.918
  9    26.359 52537.40102544 46.39   6.650754   6.666630 27.743
  9    26.343 52537.40102609 45.44   6.650014   6.663330 27.743
  9    26.238 52537.40102673 39.19   6.649284   6.660020 27.743
  9    26.053 52537.40102737 38.22   6.648554   6.656720 27.743
  9    25.824 52537.40102802 37.00   6.647814   6.653410 27.743
  9    25.863 52537.40102866 37.09   6.647084   6.650110 27.743
  9    25.941 52537.40102931 39.85   6.646344   6.646800 27.743
  9    25.991 52537.40102995 46.91   6.645614   6.643500 27.743
 10    25.847 52572.40106309 35.22   6.648464   6.669635 19.722
 10    25.630 52572.40106374 33.28   6.647734   6.666325 19.722
 10    25.564 52572.40106438 32.29   6.647004   6.663025 19.722
 10    25.732 52572.40106503 31.24   6.646264   6.659715 19.722
 10    25.724 52572.40106567 31.47   6.645534   6.656415 19.722
 10    25.683 52572.40106632 29.29   6.644804   6.653105 19.722
 10    25.630 52572.40106696 28.87   6.644074   6.649795 19.722
 10    25.761 52572.40106761 28.01   6.643334   6.646495 19.722
 11    21.021 52607.40102133 50.48   6.652264   6.664596 30.556
 11    20.990 52607.40102197 48.53   6.651524   6.661286 30.556
 11    21.019 52607.40102262 49.37   6.650794   6.657986 30.556
 11    20.943 52607.40102326 49.81   6.650064   6.654676 30.556
 11    20.950 52607.40102391 45.00   6.649334   6.651376 30.556
 11    20.935 52607.40102455 50.46   6.648594   6.648066 30.556
 11    20.782 52607.40102520 43.16   6.647864   6.644766 30.556
 11    22.781 52607.40102584 38.99   6.647134   6.641456 30.556
 12    19.849 52642.40101884 42.23   6.649714   6.668675 25.353
 12    19.859 52642.40101948 42.71   6.648974   6.665365 25.353
 12    19.952 52642.40102013 45.34   6.648244   6.662065 25.353
 12    19.752 52642.40102077 41.34   6.647514   6.658755 25.353
 12    19.667 52642.40102141 29.86   6.646774   6.655455 25.353
 12    20.271 52642.40102206 28.45   6.646044   6.652145 25.353
 12    20.342 52642.40102270 30.22   6.645314   6.648845 25.353
 12    19.036 52642.40102335 29.89   6.644574   6.645535 25.353
 13    19.904 52677.40100502 51.21   6.651961   6.665227 30.953
 13    19.768 52677.40100566 50.34   6.651231   6.661917 30.953
 13    19.866 52677.40100631 50.82   6.650501   6.658607 30.953
 13    19.709 52677.40100695 39.20   6.649761   6.655307 30.953
 13    19.574 52677.40100760 30.03   6.649031   6.651997 30.953
 13    19.620 52677.40100824 28.48   6.648301   6.648697 30.953
 13    19.414 52677.40100889 33.61   6.647571   6.645387 30.953
 13    19.518 52677.40100953 34.39   6.646831   6.642087 30.953
 14    19.385 52712.40103774 48.22   6.648686   6.666131 27.577
 14    19.477 52712.40103839 50.51   6.647946   6.662831 27.577
 14    19.319 52712.40103903 42.58   6.647216   6.659521 27.577
 14    19.162 52712.40103968 32.48   6.646486   6.656221 27.577
 14    18.569 52712.40104032 31.23   6.645746   6.652911 27.577
 14    20.027 52712.40104097 27.71   6.645016   6.649611 27.577
 14    19.763 52712.40104161 26.54   6.644286   6.646301 27.577
 15    19.257 52747.40106439 21.94   6.640637   6.666924 14.938
 15    19.372 52747.40106504 21.02   6.639897   6.663624 14.938
 15    19.697 52747.40106568 19.54   6.639167   6.660314 14.938
 15    19.650 52747.40106633 22.85   6.638437   6.657014 14.938
 16    19.119 52782.40100298 27.94   6.649662   6.668835 18.839
 16    19.142 52782.40100363 20.95   6.648932   6.665535 18.839
 16    19.205 52782.40100427 21.61   6.648192   6.662225 18.839
 16    19.161 52782.40100492 22.41   6.647462   6.658925 18.839
 16    19.285 52782.40100556 21.86   6.646732   6.655615 18.839
 16    19.600 52782.40100621 24.98   6.645992   6.652315 18.839
 16    19.601 52782.40100685 24.59   6.645262   6.649005 18.839
 16    19.777 52782.40100750 19.32   6.644532   6.645705 18.839
 17    21.487 52817.40108204 48.46   6.648821   6.668944 23.240
 17    21.409 52817.40108269 50.83   6.648091   6.665644 23.240
 17    21.313 52817.40108333 48.70   6.647361   6.662334 23.240
 17    21.386 52817.40108398 49.23   6.646621   6.659034 23.240
 17    21.164 52817.40108462 35.58   6.645891   6.655724 23.240
 17    21.396 52817.40108527 37.34   6.645161   6.652424 23.240
 17    21.486 52817.40108591 50.15   6.644421   6.649114 23.240
 17    21.471 52817.40108656 40.35   6.643691   6.645814 23.240
 18    23.921 52852.40113313 27.71   6.651227   6.664896 18.462
 18    23.709 52852.40113377 25.79   6.650497   6.661586 18.462
 18    23.905 52852.40113442 29.31   6.649757   6.658286 18.462
 18    23.875 52852.40113506 31.48   6.649027   6.654976 18.462
 18    23.858 52852.40113570 33.01   6.648297   6.651676 18.462
 18    23.749 52852.40113635 32.64   6.647557   6.648366 18.462
 18    23.482 52852.40113699 32.03   6.646827   6.645066 18.462
 18    23.656 52852.40113764 41.98   6.646097   6.641756 18.462
 20    26.997 52922.40112185 39.40   6.649514   6.667406 32.626
 20    26.874 52922.40112249 38.50   6.648774   6.664106 32.626
 20    26.845 52922.40112314 39.04   6.648044   6.660796 32.626
 20    26.829 52922.40112378 39.55   6.647314   6.657496 32.626
 20    26.851 52922.40112443 42.68   6.646584   6.654186 32.626
 20    26.864 52922.40112507 39.68   6.645844   6.650886 32.626
 20    26.827 52922.40112571 41.27   6.645114   6.647576 32.626
 20    26.773 52922.40112636 46.61   6.644384   6.644276 32.626
 21    22.886 52957.40108840 38.05   6.655410   6.661445 27.653
 21    22.808 52957.40108905 45.53   6.654680   6.658135 27.653
 21    22.701 52957.40108969 44.51   6.653940   6.654835 27.653
 21    22.661 52957.40109034 41.08   6.653210   6.651525 27.653
 21    22.664 52957.40109098 41.09   6.652480   6.648225 27.653
 21    22.512 52957.40109163 44.08   6.651740   6.644915 27.653
 21    22.459 52957.40109227 41.71   6.651010   6.641615 27.653
 21    22.437 52957.40109292 39.98   6.650280   6.638305 27.653
 21    22.596 52957.40109356 40.81   6.649540   6.634995 27.653
 21    22.507 52957.40109421 46.44   6.648810   6.631695 27.653
 22    20.408 52992.40111019 28.55   6.653960   6.664548 28.022
 22    20.551 52992.40111083 31.11   6.653220   6.661238 28.022
 22    20.448 52992.40111148 34.36   6.652490   6.657938 28.022
 22    20.590 52992.40111212 36.76   6.651760   6.654628 28.022
 22    20.430 52992.40111277 39.64   6.651020   6.651318 28.022
 22    20.548 52992.40111341 43.41   6.650290   6.648018 28.022
 22    20.404 52992.40111406 49.90   6.649560   6.644708 28.022
 22    20.298 52992.40111470 33.75   6.648820   6.641408 28.022
 22    20.401 52992.40111535 39.83   6.648087   6.638101 21.993
 23    19.694 53027.40107596 30.58   6.654895   6.662276 20.806
 23    19.710 53027.40107660 34.73   6.654155   6.658976 20.806
 23    19.540 53027.40107725 30.02   6.653425   6.655666 20.806
 23    19.574 53027.40107789 34.38   6.652695   6.652366 20.806
 23    19.720 53027.40107854 31.86   6.651955   6.649056 20.806
 23    19.790 53027.40107918 28.81   6.651225   6.645756 20.806
 23    19.614 53027.40107983 27.22   6.650495   6.642446 20.806
 23    19.479 53027.40108047 28.09   6.649759   6.639139 15.986
 23    19.471 53027.40108112 33.85   6.649029   6.635839 15.986
 23    19.461 53027.40108176 35.38   6.648299   6.632529 15.986
 24    21.564 53062.40108483 20.90   6.656061   6.662387 21.773
 24    20.878 53062.40108548 22.97   6.655331   6.659087 21.773
 24    19.846 53062.40108612 24.39   6.654591   6.655777 21.773
 24    19.844 53062.40108676 27.70   6.653861   6.652477 21.773
 24    19.836 53062.40108741 29.88   6.653131   6.649167 21.773
 24    19.665 53062.40108805 30.68   6.652391   6.645857 21.773
 24    19.680 53062.40108870 33.47   6.651661   6.642557 21.773
 24    19.535 53062.40108934 26.29   6.650931   6.639257 21.773
 24    19.615 53062.40108999 22.94   6.650191   6.635947 21.773
 24    19.551 53062.40109063 19.90   6.649458   6.632641  8.221
 25    20.137 53097.40110467 41.85   6.645445   6.673659 23.140
 25    19.555 53097.40110532 44.87   6.644705   6.670359 23.140
 25    19.487 53097.40110596 45.89   6.643975   6.667049 23.140
 25    19.373 53097.40110661 50.76   6.643245   6.663739 23.140
 25    19.284 53097.40110725 32.50   6.642505   6.660439 23.140
 25    18.980 53097.40110789 29.07   6.641775   6.657129 23.140
 25    20.107 53097.40110854 36.60   6.641045   6.653829 23.140
 26    19.525 53132.40108189 33.15   6.657719   6.659770 25.769
 26    19.738 53132.40108254 38.32   6.656989   6.656460 25.769
 26    19.726 53132.40108318 42.05   6.656249   6.653160 25.769
 26    19.712 53132.40108383 45.60   6.655519   6.649850 25.769
 26    19.645 53132.40108447 46.93   6.654789   6.646550 25.769
 26    19.770 53132.40108511 47.87   6.654049   6.643240 25.769
 26    19.630 53132.40108576 48.56   6.653319   6.639940 25.769
 26    19.616 53132.40108640 49.59   6.652589   6.636630 25.769
 26    19.565 53132.40108705 48.55   6.651849   6.633330 25.769
 26    19.598 53132.40108769 47.90   6.651119   6.630020 25.769
 26    19.516 53132.40108834 45.49   6.650389   6.626720 25.769
 28    23.039 53202.40115801 45.67   6.649699   6.668779 27.572
 28    22.896 53202.40115866 38.97   6.648969   6.665479 27.572
 28    22.755 53202.40115930 38.18   6.648239   6.662169 27.572
 28    22.980 53202.40115995 45.49   6.647499   6.658869 27.572
 28    22.894 53202.40116059 48.21   6.646769   6.655559 27.572
 28    22.726 53202.40116124 39.43   6.646039   6.652259 27.572
 28    22.677 53202.40116188 53.61   6.645299   6.648949 27.572
 28    22.708 53202.40116253 49.33   6.644569   6.645649 27.572
 29    24.487 53237.40112788 39.39   6.655845   6.662740 17.824
 29    24.362 53237.40112853 46.14   6.655115   6.659430 17.824
 29    24.463 53237.40112917 46.84   6.654375   6.656130 17.824
 29    24.313 53237.40112982 44.77   6.653645   6.652820 17.824
 29    24.236 53237.40113046 43.81   6.652915   6.649520 17.824
 29    24.100 53237.40113111 39.13   6.652175   6.646210 17.824
 29    23.989 53237.40113175 36.22   6.651445   6.642910 17.824
 29    23.946 53237.40113240 34.26   6.650715   6.639600 17.824
 29    23.980 53237.40113304 33.19   6.649985   6.636290 17.824
 29    23.978 53237.40113369 32.12   6.649245   6.632990 17.824
 30    26.329 53272.40108471 42.76   6.653777   6.664109 28.663
 30    26.251 53272.40108535 30.46   6.653037   6.660799 28.663
 30    25.941 53272.40108600 30.04   6.652307   6.657499 28.663
 30    25.899 53272.40108664 30.03   6.651577   6.654189 28.663
 30    25.789 53272.40108729 26.33   6.650837   6.650889 28.663
 30    25.661 53272.40108793 26.02   6.650107   6.647579 28.663
 30    25.533 53272.40108858 25.52   6.649377   6.644279 28.663
 30    25.855 53272.40108922 26.16   6.648637   6.640969 28.663
 30    25.883 53272.40108987 27.08   6.647907   6.637669 28.663
 31    23.608 53307.40114708 41.17   6.646340   6.673075 36.299
 31    23.639 53307.40114772 31.98   6.645610   6.669765 36.299
 31    23.482 53307.40114837 23.54   6.644870   6.666465 36.299
 31    23.612 53307.40114901 24.64   6.644140   6.663155 36.299
 31    23.591 53307.40114966 34.24   6.643410   6.659855 36.299
 31    23.625 53307.40115030 39.63   6.642670   6.656545 36.299
 31    23.575 53307.40115095 36.52   6.641940   6.653245 36.299
 31    23.316 53307.40115159 29.97   6.641210   6.649935 36.299
 32    20.560 53342.40111549 48.95   6.649276   6.665547 22.042
 32    20.557 53342.40111613 48.50   6.648546   6.662237 22.042
 32    20.640 53342.40111678 45.16   6.647816   6.658937 22.042
 32    20.377 53342.40111742 36.27   6.647076   6.655627 22.042
 32    20.537 53342.40111807 32.80   6.646346   6.652327 22.042
 32    20.829 53342.40111871 35.61   6.645616   6.649017 22.042
 32    20.721 53342.40111936 35.54   6.644876   6.645717 22.042
 33    21.644 53377.40105176 20.87   6.654867   6.661925 19.435
 33    21.586 53377.40105241 19.77   6.654127   6.658615 19.435
 33    21.237 53377.40105305 21.62   6.653397   6.655315 19.435
 33    19.934 53377.40105370 27.19   6.652667   6.652005 19.435
 33    19.952 53377.40105434 27.96   6.651927   6.648705 19.435
 33    19.852 53377.40105499 31.60   6.651197   6.645395 19.435
 33    19.795 53377.40105563 28.52   6.650467   6.642095 19.435
 33    19.691 53377.40105627 22.48   6.649727   6.638785 19.435
 33    19.888 53377.40105692 19.73   6.648997   6.635485 19.435
 33    24.295 53377.40105756 17.02   6.648257   6.632175 19.435
 34    19.150 53412.40109169 33.71   6.653289   6.662003 21.342
 34    19.105 53412.40109234 35.72   6.652559   6.658703 21.342
 34    19.040 53412.40109298 34.47   6.651819   6.655393 21.342
 34    19.023 53412.40109363 28.05   6.651089   6.652093 21.342
 34    18.756 53412.40109427 28.59   6.650359   6.648783 21.342
 34    19.005 53412.40109492 31.94   6.649619   6.645483 21.342
 34    18.916 53412.40109556 34.01   6.648889   6.642173 21.342
 34    18.962 53412.40109621 38.66   6.648159   6.638873 21.342
 34    18.878 53412.40109685 45.93   6.647429   6.635563 21.342
 36    19.816 53482.40116013 42.37   6.645161   6.673174 16.902
 36    19.481 53482.40116078 36.05   6.644421   6.669864 16.902
 36    19.126 53482.40116142 30.37   6.643691   6.666554 16.902
 36    19.296 53482.40116206 30.76   6.642961   6.663254 16.902
 36    19.100 53482.40116271 27.16   6.642221   6.659944 16.902
 36    19.688 53482.40116335 22.57   6.641491   6.656644 16.902
 36    19.763 53482.40116400 20.80   6.640761   6.653334 16.902
 37    19.476 53517.40116247 18.10   6.651072   6.666513 15.673
 37    19.421 53517.40116312 26.40   6.650342   6.663203 15.673
 37    19.641 53517.40116376 26.99   6.649602   6.659903 15.673
 37    19.521 53517.40116441 28.16   6.648872   6.656593 15.673
 37    19.459 53517.40116505 22.61   6.648142   6.653293 15.673
 37    20.884 53517.40116570 19.10   6.647412   6.649983 15.673
 37    21.323 53517.40116634 20.50   6.646672   6.646683 15.673
 37    21.441 53517.40116698 21.01   6.645942   6.643373 15.673
 38    21.056 53552.40118293 45.61   6.645098   6.672304 28.173
 38    20.876 53552.40118358 35.36   6.644368   6.669004 28.173
 38    21.078 53552.40118422 29.56   6.643638   6.665694 28.173
 38    21.011 53552.40118487 39.33   6.642898   6.662394 28.173
 38    21.095 53552.40118551 32.04   6.642168   6.659084 28.173
 38    21.145 53552.40118615 38.56   6.641438   6.655784 28.173
 38    20.969 53552.40118680 43.56   6.640708   6.652474 28.173
 39    22.900 53587.40113723 22.30   6.653174   6.663290 26.398
 39    22.937 53587.40113788 23.59   6.652444   6.659980 26.398
 39    22.701 53587.40113852 24.38   6.651704   6.656680 26.398
 39    22.815 53587.40113917 28.32   6.650974   6.653370 26.398
 39    22.778 53587.40113981 34.30   6.650244   6.650070 26.398
 39    22.730 53587.40114046 35.46   6.649514   6.646760 26.398
 39    22.576 53587.40114110 39.47   6.648774   6.643460 26.398
 39    22.705 53587.40114175 42.73   6.648044   6.640150 26.398
 39    22.600 53587.40114239 43.63   6.647314   6.636850 26.398
 40    25.384 53622.40110279 41.34   6.646246   6.673305 18.891
 40    25.280 53622.40110343 33.65   6.645506   6.670005 18.891
 40    25.082 53622.40110407 33.78   6.644776   6.666695 18.891
 40    25.066 53622.40110472 34.94   6.644046   6.663395 18.891
 40    25.166 53622.40110536 37.39   6.643306   6.660085 18.891
 40    25.228 53622.40110601 37.27   6.642576   6.656785 18.891
 40    25.043 53622.40110665 38.68   6.641846   6.653475 18.891
 40    25.039 53622.40110730 40.90   6.641106   6.650175 18.891
 41    25.565 53657.40113154 49.42   6.649405   6.668889 39.194
 41    25.629 53657.40113218 47.93   6.648675   6.665579 39.194
 41    25.533 53657.40113283 51.62   6.647945   6.662279 39.194
 41    25.388 53657.40113347 51.24   6.647205   6.658969 39.194
 41    25.388 53657.40113412 52.06   6.646475   6.655669 39.194
 41    25.393 53657.40113476 51.66   6.645745   6.652359 39.194
 41    25.394 53657.40113541 49.91   6.645005   6.649059 39.194
 41    25.402 53657.40113605 50.56   6.644275   6.645749 39.194
 42    22.111 53692.40111626 42.34   6.648728   6.668009 24.152
 42    22.000 53692.40111690 36.29   6.647998   6.664699 24.152
 42    21.991 53692.40111755 38.49   6.647268   6.661389 24.152
 42    22.098 53692.40111819 43.28   6.646528   6.658089 24.152
 42    22.064 53692.40111884 39.17   6.645798   6.654779 24.152
 42    21.969 53692.40111948 39.50   6.645068   6.651479 24.152
 42    21.904 53692.40112013 49.19   6.644338   6.648169 24.152
 42    21.897 53692.40112077 49.76   6.643598   6.644869 24.152
 43    20.147 53727.40104013 47.86   6.651949   6.665047 22.180
 43    19.975 53727.40104077 48.75   6.651219   6.661747 22.180
 43    19.945 53727.40104142 49.75   6.650489   6.658437 22.180
 43    19.882 53727.40104206 43.48   6.649749   6.655137 22.180
 43    19.740 53727.40104271 31.64   6.649019   6.651827 22.180
 43    19.908 53727.40104335 30.49   6.648289   6.648527 22.180
 43    19.965 53727.40104400 34.54   6.647559   6.645217 22.180
 43    19.705 53727.40104464 30.56   6.646819   6.641917 22.180
 44    19.353 53762.40099565 41.70   6.656945   6.660483 34.272
 44    19.531 53762.40099629 49.19   6.656205   6.657173 34.272
 44    19.413 53762.40099694 53.08   6.655475   6.653873 34.272
 44    19.451 53762.40099758 53.82   6.654745   6.650563 34.272
 44    19.556 53762.40099823 50.13   6.654005   6.647263 34.272
 44    19.387 53762.40099887 50.31   6.653275   6.643953 34.272
 44    19.498 53762.40099951 51.59   6.652545   6.640653 34.272
 44    19.374 53762.40100016 51.94   6.651805   6.637343 34.272
 44    19.273 53762.40100080 52.32   6.651075   6.634043 34.272
 44    19.405 53762.40100145 51.62   6.650345   6.630733 34.272
 44    19.327 53762.40100209 49.21   6.649605   6.627433 34.272
 45    19.179 53797.40100708 29.54   6.652752   6.662352 20.796
 45    19.309 53797.40100773 34.56   6.652012   6.659052 20.796
 45    19.178 53797.40100837 37.15   6.651282   6.655742 20.796
 45    19.120 53797.40100902 31.68   6.650552   6.652442 20.796
 45    19.098 53797.40100966 25.44   6.649822   6.649132 20.796
 45    19.113 53797.40101031 21.47   6.649082   6.645832 20.796
 45    19.148 53797.40101095 19.72   6.648352   6.642522 20.796
 45    19.051 53797.40101160 21.53   6.647622   6.639222 20.796
 47    19.465 53867.40106506 29.24   6.648598   6.666361 15.529
 47    19.627 53867.40106570 24.59   6.647868   6.663061 15.529
 47    19.598 53867.40106635 32.74   6.647128   6.659751 15.529
 47    19.312 53867.40106699 26.95   6.646398   6.656441 15.529
 47    19.243 53867.40106764 22.02   6.645668   6.653141 15.529
 47    19.858 53867.40106828 18.59   6.644928   6.649831 15.529
 47    24.120 53867.40106893 16.20   6.644198   6.646531 15.529
 48    20.642 53902.40109516 35.35   6.649390   6.667023 32.125
 48    20.495 53902.40109580 24.03   6.648660   6.663723 32.125
 48    20.690 53902.40109645 29.44   6.647920   6.660413 32.125
 48    20.576 53902.40109709 31.27   6.647190   6.657113 32.125
 48    20.852 53902.40109774 24.60   6.646460   6.653803 32.125
 48    21.090 53902.40109838 26.38   6.645720   6.650503 32.125
 48    21.191 53902.40109903 34.63   6.644990   6.647193 32.125
 48    25.580 53902.40109967 28.62   6.644260   6.643893 32.125
 49    22.367 53937.40113302 49.02   6.640530   6.667948 36.711
 49    22.379 53937.40113367 49.54   6.639790   6.664638 36.711
 49    22.331 53937.40113431 38.49   6.639060   6.661338 36.711
 49    22.343 53937.40113496 47.50   6.638330   6.658028 36.711
 50    24.008 53972.40109661 46.58   6.647344   6.671643 33.246
 50    23.969 53972.40109725 44.40   6.646614   6.668333 33.246
 50    23.849 53972.40109789 34.96   6.645884   6.665033 33.246
 50    23.782 53972.40109854 34.14   6.645144   6.661733 33.246
 50    23.820 53972.40109918 38.87   6.644414   6.658423 33.246
 50    23.861 53972.40109983 44.14   6.643684   6.655113 33.246
 50    23.817 53972.40110047 44.27   6.642944   6.651813 33.246
 50    23.792 53972.40110112 42.57   6.642214   6.648503 33.246
 51    26.617 54007.40108321 46.46   6.652739   6.664035 43.446
 51    26.665 54007.40108386 45.67   6.651999   6.660735 43.446
 51    26.493 54007.40108450 48.45   6.651269   6.657425 43.446
 51    26.412 54007.40108515 49.63   6.650539   6.654125 43.446
 51    26.443 54007.40108579 49.73   6.649799   6.650815 43.446
 51    26.458 54007.40108644 49.09   6.649069   6.647515 43.446
 51    26.401 54007.40108708 40.82   6.648339   6.644205 43.446
 51    26.406 54007.40108773 41.24   6.647599   6.640905 43.446
 52    24.836 54042.40110847 47.31   6.654932   6.664313 36.130
 52    24.593 54042.40110911 45.27   6.654202   6.661003 36.130
 52    24.536 54042.40110976 47.66   6.653462   6.657703 36.130
 52    24.462 54042.40111040 48.35   6.652732   6.654393 36.130
 52    24.420 54042.40111105 47.15   6.652002   6.651093 36.130
 52    24.357 54042.40111169 47.26   6.651262   6.647783 36.130
 52    24.272 54042.40111234 48.27   6.650532   6.644483 36.130
 52    24.205 54042.40111298 49.06   6.649802   6.641173 36.130
 52    24.264 54042.40111363 49.59   6.649062   6.637873 36.130
 52    24.339 54042.40111427 47.89   6.648332   6.634563 36.130
 53    20.910 54077.40110193 49.06   6.650587   6.667745 20.942
 53    20.938 54077.40110258 47.62   6.649857   6.664435 20.942
 53    20.854 54077.40110322 45.61   6.649117   6.661135 20.942
 53    20.776 54077.40110387 48.58   6.648387   6.657825 20.942
 53    20.710 54077.40110451 37.37   6.647657   6.654515 20.942
 53    20.902 54077.40110515 28.18   6.646927   6.651215 20.942
 53    21.271 54077.40110580 33.78   6.646187   6.647905 20.942
 53    21.335 54077.40110644 36.08   6.645457   6.644605 20.942
 54    20.076 54112.40104134 28.62   6.649075   6.666548 19.606
 54    20.214 54112.40104198 23.33   6.648345   6.663238 19.606
 54    20.210 54112.40104263 26.25   6.647605   6.659938 19.606
 54    20.254 54112.40104327 25.70   6.646875   6.656628 19.606
 54    20.379 54112.40104392 23.90   6.646145   6.653318 19.606
 54    20.609 54112.40104456 24.11   6.645405   6.650018 19.606
 54    24.745 54112.40104521 20.27   6.644675   6.646708 19.606
 56    19.972 54182.40102931 40.45   6.649806   6.668461 29.026
 56    19.685 54182.40102995 25.65   6.649066   6.665151 29.026
 56    19.798 54182.40103060 30.59   6.648336   6.661851 29.026
 56    19.888 54182.40103124 31.99   6.647606   6.658541 29.026
 56    19.670 54182.40103189 26.28   6.646876   6.655231 29.026
 56    19.466 54182.40103253 22.95   6.646136   6.651931 29.026
 56    19.373 54182.40103318 20.90   6.645406   6.648621 29.026
 56    19.508 54182.40103382 21.59   6.644676   6.645321 29.026
 57    20.191 54217.40105303 52.30   6.649683   6.666231 25.654
 57    20.236 54217.40105368 52.34   6.648943   6.662921 25.654
 57    20.164 54217.40105432 49.46   6.648213   6.659621 25.654
 57    19.952 54217.40105497 36.74   6.647483   6.656311 25.654
 57    19.802 54217.40105561 30.36   6.646743   6.653011 25.654
 57    19.549 54217.40105626 25.76   6.646018   6.649704 14.801
 57    19.561 54217.40105690 26.43   6.645278   6.646404 14.801
 57    19.891 54217.40105755 30.19   6.644548   6.643094 14.801
 58    20.818 54252.40107842 41.65   6.650168   6.667938 35.586
 58    20.529 54252.40107906 29.07   6.649438   6.664628 35.586
 58    20.687 54252.40107971 32.06   6.648698   6.661318 35.586
 58    20.697 54252.40108035 37.79   6.647968   6.658018 35.586
 58    20.446 54252.40108100 33.92   6.647238   6.654708 35.586
 58    20.581 54252.40108164 27.69   6.646508   6.651408 35.586
 58    21.261 54252.40108229 27.33   6.645766   6.648101 30.225
 58    21.426 54252.40108293 32.98   6.645036   6.644791 30.225
 59    20.894 54287.40108416 22.64   6.651819   6.665543 30.536
 59    20.920 54287.40108480 22.78   6.651089   6.662233 30.536
 59    20.916 54287.40108544 27.15   6.650359   6.658933 30.536
 59    20.948 54287.40108609 33.80   6.649619   6.655623 30.536
 59    20.842 54287.40108673 30.21   6.648889   6.652313 30.536
 59    20.755 54287.40108738 33.60   6.648159   6.649013 30.536
 59    20.618 54287.40108802 44.75   6.647420   6.645708 37.483
 59    20.901 54287.40108867 37.34   6.646690   6.642408 37.483
 60    23.613 54322.40108124 47.09   6.651766   6.665251 24.329
 60    23.465 54322.40108188 39.67   6.651036   6.661941 24.329
 60    23.439 54322.40108253 38.44   6.650306   6.658641 24.329
 60    23.402 54322.40108317 39.60   6.649566   6.655331 24.329
 60    23.350 54322.40108382 41.25   6.648836   6.652021 24.329
 60    23.353 54322.40108446 44.26   6.648106   6.648721 24.329
 60    23.355 54322.40108511 44.64   6.647365   6.645414 31.368
 60    23.360 54322.40108575 46.99   6.646635   6.642114 31.368
 61    26.904 54357.40103958 46.91   6.651055   6.665972 41.765
 61    26.933 54357.40104022 50.41   6.650325   6.662662 41.765
 61    26.949 54357.40104087 50.31   6.649585   6.659362 41.765
 61    26.851 54357.40104151 49.42   6.648855   6.656052 41.765
 61    26.911 54357.40104216 49.55   6.648125   6.652742 41.765
 61    26.769 54357.40104280 42.93   6.647395   6.649442 41.765
 61    26.847 54357.40104344 44.78   6.646655   6.646132 41.765
 61    26.825 54357.40104409 49.71   6.645925   6.642832 41.765
 62    26.434 54392.40102213 31.94   6.650929   6.664216 31.530
 62    26.264 54392.40102278 31.04   6.650189   6.660916 31.530
 62    26.085 54392.40102342 29.61   6.649459   6.657606 31.530
 62    26.004 54392.40102407 27.56   6.648729   6.654306 31.530
 62    25.942 54392.40102471 25.21   6.647989   6.650996 31.530
 62    25.829 54392.40102536 26.76   6.647259   6.647696 31.530
 62    26.132 54392.40102600 26.28   6.646529   6.644386 31.530
 62    26.249 54392.40102665 26.16   6.645799   6.641086 31.530
 63    22.184 54427.40099022 32.96   6.651121   6.664943 31.040
 63    22.166 54427.40099087 34.21   6.650391   6.661643 31.040
 63    22.132 54427.40099151 43.19   6.649661   6.658333 31.040
 63    22.177 54427.40099216 44.55   6.648921   6.655033 31.040
 63    22.131 54427.40099280 39.89   6.648191   6.651723 31.040
 63    22.217 54427.40099344 43.20   6.647461   6.648423 31.040
 63    21.996 54427.40099409 44.51   6.646731   6.645113 31.040
 63    22.192 54427.40099473 48.43   6.645991   6.641813 31.040
 64    20.497 54462.40099936 46.15   6.651994   6.666607 33.371
 64    20.432 54462.40100001 49.23   6.651254   6.663307 33.371
 64    20.551 54462.40100065 46.65   6.650524   6.659997 33.371
 64    20.398 54462.40100130 43.80   6.649794   6.656697 33.371
 64    20.146 54462.40100194 34.62   6.649054   6.653387 33.371
 64    20.226 54462.40100259 30.18   6.648324   6.650087 33.371
 64    20.669 54462.40100323 30.33   6.647594   6.646777 33.371
 64    21.618 54462.40100388 35.99   6.646854   6.643477 33.371
 64    21.517 54462.40100452 37.91   6.646124   6.640167 33.371
 65    20.152 54497.40099816 37.82   6.651610   6.666558 29.556
 65    20.106 54497.40099881 41.44   6.650870   6.663248 29.556
 65    20.136 54497.40099945 41.12   6.650140   6.659948 29.556
 65    19.941 54497.40100010 31.92   6.649410   6.656638 29.556
 65    19.843 54497.40100074 26.05   6.648670   6.653338 29.556
 65    19.795 54497.40100139 24.62   6.647940   6.650028 29.556
 65    20.765 54497.40100203 24.84   6.647210   6.646728 29.556
 65    20.892 54497.40100268 29.15   6.646480   6.643418 29.556
 66    20.133 54532.40101325 20.05   6.651980   6.663246 25.110
 66    19.628 54532.40101389 25.06   6.651250   6.659936 25.110
 66    19.565 54532.40101454 26.88   6.650520   6.656636 25.110
 66    19.655 54532.40101518 23.60   6.649780   6.653326 25.110
 66    19.568 54532.40101583 21.26   6.649050   6.650026 25.110
 66    19.644 54532.40101647 27.75   6.648320   6.646716 25.110
 66    19.480 54532.40101712 30.04   6.647590   6.643416 25.110
 66    19.870 54532.40101776 21.18   6.646850   6.640106 25.110
 67    19.521 54567.40100253 29.85   6.650733   6.666868 23.075
 67    19.367 54567.40100318 29.64   6.649993   6.663558 23.075
 67    19.288 54567.40100382 31.99   6.649263   6.660258 23.075
 67    19.225 54567.40100447 28.35   6.648533   6.656948 23.075
 67    19.167 54567.40100511 21.10   6.647793   6.653648 23.075
 67    19.094 54567.40100576 19.85   6.647063   6.650338 23.075
 67    20.460 54567.40100640 20.12   6.646333   6.647038 23.075
 67    19.781 54567.40100705 24.92   6.645603   6.643728 23.075
 68    19.871 54602.40100750 17.88   6.650756   6.667559 17.930
 68    19.970 54602.40100814 21.61   6.650026   6.664259 17.930
 68    19.961 54602.40100879 32.98   6.649286   6.660949 17.930
 68    19.847 54602.40100943 28.62   6.648556   6.657649 17.930
 68    19.786 54602.40101008 22.04   6.647826   6.654339 17.930
 68    19.564 54602.40101072 18.78   6.647096   6.651039 17.930
 68    20.884 54602.40101137 19.84   6.646356   6.647729 17.930
 68    20.940 54602.40101201 25.15   6.645626   6.644429 17.930
 69    20.675 54637.40101907 48.99   6.649725   6.668027 31.827
 69    20.577 54637.40101971 50.35   6.648995   6.664717 31.827
 69    20.595 54637.40102036 47.78   6.648255   6.661417 31.827
 69    20.464 54637.40102100 42.16   6.647525   6.658107 31.827
 69    20.233 54637.40102164 30.56   6.646795   6.654807 31.827
 69    20.761 54637.40102229 24.41   6.646055   6.651497 31.827
 69    21.047 54637.40102293 27.93   6.645325   6.648197 31.827
 69    21.480 54637.40102358 40.12   6.644595   6.644887 31.827
 70    22.659 54672.40102202 47.17   6.649901   6.668292 32.885
 70    22.408 54672.40102266 46.95   6.649171   6.664992 32.885
 70    22.549 54672.40102331 44.29   6.648441   6.661682 32.885
 70    22.431 54672.40102395 42.55   6.647701   6.658382 32.885
 70    22.334 54672.40102460 44.56   6.646971   6.655072 32.885
 70    22.627 54672.40102524 42.77   6.646241   6.651772 32.885
 70    22.605 54672.40102589 43.14   6.645511   6.648462 32.885
 70    22.510 54672.40102653 48.33   6.644771   6.645162 32.885
 71    25.392 54707.40098193 45.58   6.652023   6.665573 27.152
 71    25.174 54707.40098257 41.32   6.651293   6.662263 27.152
 71    24.940 54707.40098322 36.79   6.650563   6.658963 27.152
 71    25.039 54707.40098386 35.04   6.649833   6.655653 27.152
 71    25.054 54707.40098450 33.49   6.649093   6.652353 27.152
 71    24.979 54707.40098515 30.66   6.648363   6.649043 27.152
 71    24.736 54707.40098579 30.26   6.647633   6.645743 27.152
 71    25.042 54707.40098644 30.78   6.646893   6.642433 27.152
 72    26.941 54742.40098791 32.86   6.650873   6.666145 31.302
 72    26.772 54742.40098855 31.62   6.650133   6.662845 31.302
 72    26.927 54742.40098920 33.02   6.649403   6.659535 31.302
 72    26.970 54742.40098984 35.88   6.648673   6.656235 31.302
 72    26.793 54742.40099049 33.84   6.647933   6.652925 31.302
 72    26.523 54742.40099113 31.48   6.647203   6.649625 31.302
 72    26.529 54742.40099178 31.17   6.646473   6.646315 31.302
 72    26.464 54742.40099242 30.72   6.645743   6.643015 31.302
 73    24.374 54777.40096392 30.69   6.651896   6.665797 29.256
 73    23.446 54777.40096457 33.60   6.651166   6.662487 29.256
 73    23.456 54777.40096521 39.19   6.650426   6.659187 29.256
 73    23.527 54777.40096586 41.85   6.649696   6.655877 29.256
 73    23.493 54777.40096650 42.29   6.648966   6.652577 29.256
 73    23.480 54777.40096715 39.33   6.648236   6.649267 29.256
 73    23.301 54777.40096779 35.93   6.647496   6.645967 29.256
 73    23.318 54777.40096843 30.49   6.646766   6.642657 29.256
 74    20.776 54812.40098109 23.85   6.651197   6.665616 26.483
 74    20.823 54812.40098173 27.75   6.650467   6.662306 26.483
 74    20.963 54812.40098238 35.36   6.649727   6.659006 26.483
 74    20.830 54812.40098302 33.55   6.648997   6.655696 26.483
 74    20.831 54812.40098367 28.76   6.648267   6.652396 26.483
 74    21.183 54812.40098431 26.54   6.647527   6.649086 26.483
 74    21.335 54812.40098496 29.57   6.646797   6.645786 26.483
 74    21.359 54812.40098560 43.80   6.646067   6.642476 26.483
 75    20.072 54847.40096382 45.04   6.650507   6.666411 29.804
 75    19.973 54847.40096446 49.08   6.649777   6.663111 29.804
 75    20.076 54847.40096510 43.53   6.649047   6.659801 29.804
 75    19.914 54847.40096575 30.69   6.648307   6.656501 29.804
 75    19.675 54847.40096639 24.38   6.647577   6.653191 29.804
 75    19.630 54847.40096704 22.48   6.646847   6.649891 29.804
 75    21.171 54847.40096768 24.91   6.646117   6.646581 29.804
 75    20.935 54847.40096833 34.13   6.645377   6.643281 29.804
 76    20.081 54882.40098503 46.62   6.649419   6.665387 29.844
 76    20.115 54882.40098567 47.57   6.648689   6.662077 29.844
 76    19.858 54882.40098632 42.97   6.647959   6.658777 29.844
 76    19.783 54882.40098696 28.99   6.647219   6.655467 29.844
 76    19.461 54882.40098761 24.32   6.646489   6.652167 29.844
 76    19.390 54882.40098825 23.05   6.645759   6.648857 29.844
 76    19.956 54882.40098890 22.74   6.645019   6.645557 29.844
 77    19.960 54917.40096590 43.53   6.648585   6.669541 19.830
 77    19.781 54917.40096655 34.71   6.647855   6.666231 19.830
 77    19.761 54917.40096719 36.43   6.647125   6.662931 19.830
 77    19.748 54917.40096784 30.02   6.646395   6.659621 19.830
 77    19.574 54917.40096848 25.20   6.645655   6.656321 19.830
 77    19.424 54917.40096913 21.91   6.644925   6.653011 19.830
 77    19.057 54917.40096977 21.70   6.644195   6.649711 19.830
 77    18.773 54917.40097042 22.29   6.643465   6.646401 19.830
 78    19.916 54952.40097752 36.26   6.650132   6.667934 35.438
 78    19.836 54952.40097817 29.61   6.649408   6.664627 23.244
 78    19.792 54952.40097881 29.18   6.648668   6.661317 23.244
 78    19.712 54952.40097946 27.59   6.647938   6.658017 23.244
 78    19.591 54952.40098010 24.76   6.647198   6.654717 23.244
 78    19.308 54952.40098075 23.87   6.646468   6.651407 23.244
 78    25.155 54952.40098139 23.68   6.645738   6.648097 23.244
 78    21.443 54952.40098204 35.28   6.645008   6.644797 23.244
 79    20.045 54987.40100269 33.68   6.648190   6.666502 23.708
 79    20.222 54987.40100334 31.34   6.647450   6.663202 23.708
 79    20.201 54987.40100398 32.12   6.646720   6.659892 23.708
 79    19.939 54987.40100463 25.03   6.645990   6.656592 23.708
 79    24.819 54987.40100527 21.63   6.645250   6.653282 23.708
 79    25.808 54987.40100592 21.12   6.644520   6.649982 23.708
 79    26.202 54987.40100656 21.99   6.643790   6.646672 23.708
 80    21.640 55022.40099542 26.28   6.651553   6.664372 28.426
 80    21.597 55022.40099607 28.28   6.650813   6.661072 28.426
 80    21.689 55022.40099671 31.82   6.650083   6.657762 28.426
 80    21.574 55022.40099736 38.28   6.649353   6.654462 28.426
 80    21.630 55022.40099800 30.99   6.648623   6.651152 28.426
 80    21.377 55022.40099865 33.08   6.647883   6.647852 28.426
 80    21.398 55022.40099929 36.34   6.647153   6.644542 28.426
 80    21.414 55022.40099994 43.61   6.646423   6.641232 28.426
 81    23.976 55057.40099082 46.93   6.651147   6.666092 34.073
 81    23.975 55057.40099146 50.98   6.650417   6.662792 34.073
 81    23.824 55057.40099211 48.92   6.649687   6.659482 34.073
 81    23.847 55057.40099275 49.96   6.648947   6.656182 34.073
 81    23.720 55057.40099340 44.11   6.648217   6.652872 34.073
 81    23.840 55057.40099404 46.03   6.647487   6.649572 34.073
 81    23.757 55057.40099469 49.02   6.646747   6.646262 34.073
 81    23.747 55057.40099533 43.81   6.646017   6.642962 34.073
 82    26.812 55092.40094748 36.41   6.649476   6.665494 33.536
 82    26.674 55092.40094812 38.92   6.648746   6.662184 33.536
 82    26.685 55092.40094876 37.18   6.648016   6.658884 33.536
 82    26.585 55092.40094941 34.18   6.647286   6.655574 33.536
 82    26.315 55092.40095005 34.31   6.646546   6.652274 33.536
 82    26.080 55092.40095070 32.96   6.645816   6.648964 33.536
 82    25.662 55092.40095134 32.76   6.645086   6.645664 33.536
 83    26.376 55127.40093172 45.31   6.650547   6.664701 37.352
 83    26.375 55127.40093236 47.48   6.649817   6.661391 37.352
 83    26.317 55127.40093300 48.09   6.649087   6.658091 37.352
 83    26.270 55127.40093365 49.47   6.648347   6.654781 37.352
 83    26.211 55127.40093429 46.24   6.647617   6.651481 37.352
 83    26.239 55127.40093494 45.50   6.646887   6.648171 37.352
 83    26.215 55127.40093558 45.65   6.646147   6.644861 37.352
 83    26.159 55127.40093623 43.03   6.645417   6.641561 37.352
 84    22.381 55162.40090843 50.39   6.650606   6.667497 33.164
 84    22.196 55162.40090908 51.80   6.649866   6.664187 33.164
 84    22.284 55162.40090972 52.71   6.649136   6.660887 33.164
 84    22.119 55162.40091037 47.29   6.648406   6.657577 33.164
 84    22.115 55162.40091101 37.40   6.647666   6.654277 33.164
 84    22.486 55162.40091166 37.11   6.646936   6.650967 33.164
 84    22.505 55162.40091230 45.94   6.646206   6.647667 33.164
 84    22.202 55162.40091295 44.33   6.645466   6.644357 33.164
 85    20.734 55197.40092209 42.09   6.650688   6.666628 27.624
 85    20.662 55197.40092273 43.60   6.649948   6.663328 27.624
 85    20.684 55197.40092337 44.09   6.649218   6.660018 27.624
 85    20.475 55197.40092402 31.40   6.648488   6.656718 27.624
 85    20.857 55197.40092466 27.95   6.647748   6.653408 27.624
 85    20.894 55197.40092531 27.25   6.647018   6.650108 27.624
 85    20.169 55197.40092595 27.59   6.646288   6.646798 27.624
 85    21.392 55197.40092660 39.53   6.645548   6.643498 27.624
 86    20.246 55232.40091313 25.13   6.649154   6.665678 19.646
 86    20.312 55232.40091377 31.83   6.648424   6.662368 19.646
 86    20.252 55232.40091442 27.98   6.647684   6.659068 19.646
 86    20.064 55232.40091506 25.53   6.646954   6.655758 19.646
 86    19.853 55232.40091571 24.94   6.646224   6.652458 19.646
 86    19.718 55232.40091635 26.14   6.645484   6.649148 19.646
 86    19.591 55232.40091699 27.22   6.644754   6.645848 19.646
 87    19.645 55267.40091681 29.54   6.651211   6.666872 27.959
 87    19.712 55267.40091745 29.17   6.650471   6.663572 27.959
 87    19.739 55267.40091810 33.54   6.649741   6.660262 27.959
 87    19.500 55267.40091874 27.56   6.649011   6.656962 27.959
 87    19.442 55267.40091939 23.77   6.648271   6.653652 27.959
 87    19.383 55267.40092003 19.18   6.647541   6.650352 27.959
 87    19.484 55267.40092068 20.33   6.646811   6.647042 27.959
 87    20.350 55267.40092132 24.10   6.646081   6.643732 27.959
 88    19.518 55302.40089277 41.55   6.651150   6.664536 24.418
 88    19.509 55302.40089342 47.15   6.650410   6.661236 24.418
 88    19.339 55302.40089406 36.88   6.649680   6.657926 24.418
 88    22.089 55302.40089471 26.67   6.648950   6.654626 24.418
 88    22.154 55302.40089535 22.91   6.648220   6.651316 24.418
 88    21.894 55302.40089600 21.11   6.647480   6.648016 24.418
 88    19.542 55302.40089664 22.52   6.646750   6.644706 24.418
 88    20.054 55302.40089729 36.47   6.646020   6.641406 24.418
 89    20.443 55337.40089094 37.70   6.650620   6.667274 27.524
 89    20.301 55337.40089159 33.99   6.649880   6.663964 27.524
 89    20.376 55337.40089223 30.05   6.649150   6.660664 27.524
 89    20.209 55337.40089287 27.24   6.648420   6.657354 27.524
 89    22.771 55337.40089352 22.49   6.647690   6.654044 27.524
 89    24.438 55337.40089416 21.78   6.646950   6.650744 27.524
 89    24.679 55337.40089481 21.63   6.646220   6.647434 27.524
 89    24.681 55337.40089545 24.01   6.645490   6.644134 27.524
 90    21.068 55372.40088133 28.53   6.651530   6.666007 22.217
 90    21.008 55372.40088198 31.17   6.650800   6.662697 22.217
 90    20.944 55372.40088262 40.29   6.650060   6.659397 22.217
 90    20.702 55372.40088327 35.00   6.649330   6.656087 22.217
 90    20.762 55372.40088391 24.45   6.648600   6.652787 22.217
 90    20.764 55372.40088456 26.54   6.647860   6.649477 22.217
 90    20.630 55372.40088520 28.94   6.647130   6.646177 22.217
 90    21.340 55372.40088585 37.75   6.646400   6.642867 22.217
 91    22.631 55407.40090103 24.61   6.652588   6.666089 24.201
 91    22.432 55407.40090168 25.59   6.651858   6.662779 24.201
 91    22.498 55407.40090232 27.11   6.651118   6.659479 24.201
 91    22.588 55407.40090297 29.07   6.650388   6.656169 24.201
 91    22.549 55407.40090361 38.00   6.649658   6.652869 24.201
 91    22.450 55407.40090426 41.98   6.648918   6.649559 24.201
 91    22.377 55407.40090490 43.68   6.648188   6.646259 24.201
 91    22.284 55407.40090554 45.29   6.647458   6.642949 24.201
 91    22.307 55407.40090619 49.33   6.646728   6.639639 24.201
 92    25.450 55442.40090002 45.92   6.651201   6.665982 32.463
 92    25.278 55442.40090067 46.60   6.650471   6.662682 32.463
 92    25.303 55442.40090131 46.35   6.649741   6.659372 32.463
 92    25.284 55442.40090196 45.80   6.649001   6.656072 32.463
 92    25.224 55442.40090260 50.55   6.648271   6.652762 32.463
 92    25.102 55442.40090325 49.69   6.647541   6.649462 32.463
 92    25.074 55442.40090389 48.38   6.646811   6.646152 32.463
 92    25.053 55442.40090454 50.53   6.646071   6.642852 32.463
 93    26.925 55477.40084116 34.75   6.651166   6.665436 37.904
 93    26.780 55477.40084181 39.30   6.650426   6.662126 37.904
 93    26.831 55477.40084245 41.59   6.649696   6.658826 37.904
 93    26.819 55477.40084310 43.05   6.648966   6.655516 37.904
 93    26.819 55477.40084374 41.69   6.648226   6.652216 37.904
 93    26.723 55477.40084439 38.87   6.647496   6.648906 37.904
 93    26.706 55477.40084503 38.31   6.646766   6.645606 37.904
 93    26.594 55477.40084567 37.33   6.646036   6.642296 37.904
