#   17.509   0.687   2.270 ;Mean Elev.(m), Avg Gradient(m/km), RMS Gradient(m/km) - SRTM1     
#   11.984  -1.021   4.776 ;Mean Elev.(m), Avg Gradient(m/km), RMS Gradient(m/km) - ASTER GDEM
#   17.101  -0.149   1.898 ;Mean Elev.(m), Avg Gradient(m/km), RMS Gradient(m/km) - GMTED2010 
  9   6.706440   6.069255    15.423    15.448  7 52513.89555725 48.084
 11   6.703625   6.066718    17.543    17.535  6 52583.89559309 39.128
 13   6.706338   6.069879    13.594    13.592  6 52653.89555019 42.297
 14   6.701148   6.063178    13.661    13.674  6 52688.89554673 46.542
 15   6.700588   6.061659    12.951    12.942  5 52723.89559175 44.345
 17   6.702262   6.065353    13.028    13.033  6 52793.89556677 48.863
 18   6.703917   6.066786    15.992    16.032  6 52828.89563432 44.077
 19   6.705494   6.068980    17.343    17.400  7 52863.89567941 45.202
 22   6.700415   6.061726    15.470    15.451  4 52968.89566380 52.287
 28   6.702694   6.061722    15.155    15.198  7 53178.89569088 45.650
 30   6.701095   6.061467    19.186    19.186  5 53248.89568135 42.018
 35   6.705701   6.066017    12.660    12.687  8 53423.89563543 44.424
 36   6.704475   6.064220    12.964    12.926  7 53458.89564023 38.238
 38   6.704565   6.067444    13.790    13.253  6 53528.89570332 35.189
 43   6.705062   6.067330    14.463    14.435  6 53703.89563241 42.417
 44   6.705553   6.068049    13.470    13.422  7 53738.89554182 44.420
 45   6.705301   6.065511    13.261    13.262  8 53773.89555836 40.987
 46   6.703773   6.065059    12.792    12.706  6 53808.89554343 29.614
 48   6.702822   6.065322    14.352    15.172  7 53878.89561383 40.565
 51   6.700479   6.061057    19.088    19.084  5 53983.89561935 48.218
 52   6.701115   6.063479    20.692    20.699  6 54018.89565255 34.052
 53   6.707692   6.071291    16.769    16.795  7 54053.89564476 50.359
 54   6.702343   6.062860    14.109    14.110  6 54088.89563471 52.531
 55   6.700915   6.062322    13.782    13.733  5 54123.89555787 52.660
 56   6.700085   6.061051    13.524    13.519  4 54158.89559953 27.209
 57   6.700313   6.062902    13.204    13.203  5 54193.89555998 50.723
 58   6.700294   6.062119    13.785    13.746  5 54228.89561194 51.000
 59   6.700846   6.062443    15.639    14.317  5 54263.89563073 28.156
 60   6.701878   6.062537    15.304    15.019  6 54298.89563427 41.300
 61   6.702164   6.062215    18.578    18.524  6 54333.89562442 35.845
 63   6.700971   6.062866    19.245    19.284  6 54403.89556812 40.278
 64   6.699518   6.062006    15.013    15.087  3 54438.89552513 45.844
 65   6.702286   6.063561    13.898    13.888  7 54473.89555445 50.740
 66   6.700688   6.062325    13.314    13.339  5 54508.89553698 51.917
 67   6.701742   6.062750    13.273    13.336  7 54543.89556860 34.809
 68   6.700950   6.062131    13.771    13.249  6 54578.89553784 34.041
 69   6.701588   6.063349    17.965    18.261  6 54613.89555946 11.387
 70   6.699995   6.060799    15.225    15.239  4 54648.89556729 50.753
 71   6.700722   6.063283    18.200    18.573  5 54683.89556602 26.360
 72   6.701327   6.062492    20.418    20.444  6 54718.89551304 47.608
 73   6.700500   6.062005    20.705    20.704  5 54753.89553899 32.726
 74   6.700052   6.060733    15.622    15.600  4 54788.89550489 48.427
 75   6.701203   6.062079    15.376    15.587  5 54823.89553416 42.813
 76   6.701384   6.062689    13.418    13.377  5 54858.89549936 46.471
 77   6.699901   6.061387    13.303    13.308  4 54893.89553570 45.864
 79   6.699693   6.062703    13.771    13.763  4 54963.89553651 48.836
 81   6.700204   6.063129    16.176    16.187  5 55033.89554454 51.042
 82   6.701689   6.061471    18.997    18.986  6 55068.89553335 28.620
 84   6.700847   6.063065    20.142    20.159  5 55138.89548034 32.261
 85   6.700768   6.062202    15.300    15.239  5 55173.89544095 49.371
 86   6.700544   6.062667    14.282    13.755  5 55208.89547557 46.433
 87   6.700114   6.060054    13.745    13.735  4 55243.89544572 51.102
 88   6.700251   6.063351    13.022    13.015  5 55278.89546908 52.073
 89   6.700069   6.062775    13.232    13.214  5 55313.89543327 39.055
 90   6.701242   6.062750    13.747    13.730  6 55348.89544033 43.079
 91   6.699660   6.061614    14.992    15.048  3 55383.89543153 43.002
 92   6.701044   6.063338    17.403    17.411  6 55418.89545910 33.127
 93   6.701796   6.061940    20.226    20.232  6 55453.89543813 40.862
 94   6.702214   6.065942    20.842    20.922  6 55488.89535878 33.688
