#   58.098  -3.182  12.708 ;Mean Elev.(m), Avg Gradient(m/km), RMS Gradient(m/km) - SRTM1     
#   65.902  -3.289  12.491 ;Mean Elev.(m), Avg Gradient(m/km), RMS Gradient(m/km) - ASTER GDEM
#   58.502  -5.390  18.922 ;Mean Elev.(m), Avg Gradient(m/km), RMS Gradient(m/km) - GMTED2010 
  7   5.691752   8.830375    60.388    60.388  2 52470.40462504 42.823
  8   5.692713   8.830509    58.976    58.988  3 52505.40460760 37.432
  9   5.699504   8.830564    60.361    60.361  2 52540.40459012 48.668
 10   5.690253   8.828805    59.957    59.957  2 52575.40463680 50.716
 11   5.693634   8.830624    58.966    58.778  3 52610.40459744 49.242
 12   5.694896   8.831000    59.208    59.208  2 52645.40458654 49.826
 16   5.694040   8.830694    62.865    62.113  3 52785.40458011 42.156
 19   5.690813   8.830731    60.822    60.822  2 52890.40473614 48.888
 20   5.692201   8.830363    66.557    66.557  2 52925.40468949 44.965
 22   5.694513   8.830799    59.317    59.224  3 52995.40469258 48.368
 23   5.694169   8.831636    59.937    59.937  2 53030.40465554 46.407
 25   5.688893   8.829041    59.338    59.338  2 53100.40466795 52.144
 28   5.692853   8.830170    61.467    61.034  3 53205.40473149 22.170
 29   5.698679   8.830347    60.102    60.102  2 53240.40469914 50.932
 31   5.690961   8.830097    59.724    59.703  3 53310.40471320 47.219
 32   5.695041   8.831293    57.480    57.480  2 53345.40467897 39.519
 34   5.700443   8.830720    58.952    58.952  2 53415.40465633 49.541
 35   5.697470   8.831215    59.338    59.338  2 53450.40465072 40.176
 36   5.687161   8.829568    64.398    64.398  2 53485.40473635 26.519
 37   5.696981   8.832184    60.861    60.861  2 53520.40473060 26.121
 39   5.700833   8.830850    59.310    59.310  2 53590.40469685 49.174
 40   5.689337   8.830950    60.029    60.029  2 53625.40467921 49.867
 41   5.692721   8.829995    60.680    60.693  3 53660.40470579 48.365
 42   5.693693   8.830551    59.318    59.318  2 53695.40467856 48.637
 43   5.697189   8.829879    59.167    59.167  2 53730.40460140 48.692
 47   5.694030   8.829606    61.848    61.848  2 53870.40463542 42.159
 48   5.692439   8.830213    62.903    61.884  3 53905.40467083 42.235
 49   5.684135   8.827331    73.383    73.383  2 53940.40470368 35.662
 50   5.691382   8.830278    58.860    58.860  2 53975.40466083 48.281
 51   5.697912   8.832391    60.853    60.853  2 54010.40465792 51.469
 53   5.694229   8.830764    59.990    59.990  2 54080.40466870 50.134
 54   5.693956   8.830731    59.850    59.718  3 54115.40460289 48.250
 56   5.694176   8.830831    60.107    60.107  2 54185.40459443 45.474
 57   5.693982   8.829831    59.852    59.852  2 54220.40462612 46.018
 58   5.694573   8.830434    62.593    62.037  3 54255.40464970 37.163
 59   5.696862   8.831053    58.532    58.532  2 54290.40465224 49.303
 60   5.696634   8.830131    59.120    59.120  2 54325.40464981 39.728
 61   5.694961   8.830507    61.185    61.185  2 54360.40460279 49.736
 62   5.696228   8.829927    60.811    60.811  2 54395.40459010 49.873
 63   5.696235   8.831069    59.594    59.594  2 54430.40455304 44.368
 64   5.697003   8.830143    59.941    59.941  2 54465.40457006 47.738
 65   5.696016   8.830970    59.429    59.429  2 54500.40456525 47.662
 66   5.697018   8.832444    59.678    59.678  2 54535.40458426 44.351
 67   5.695616   8.831268    59.532    59.532  2 54570.40456753 50.021
 68   5.695220   8.831810    62.173    62.173  2 54605.40457839 29.612
 69   5.694492   8.831800    57.981    57.981  2 54640.40458847 39.545
 70   5.693843   8.830618    70.965    68.121  3 54675.40459071 36.456
 71   5.696714   8.830769    61.217    61.217  2 54710.40454696 50.775
 73   5.696480   8.831538    60.602    60.602  2 54780.40453163 50.316
 74   5.695787   8.830767    60.115    60.126  3 54815.40455118 48.296
 75   5.695619   8.831620    59.753    59.753  2 54850.40452999 48.014
 76   5.693991   8.830440    59.895    59.895  2 54885.40455569 44.746
 77   5.692119   8.830333    61.148    61.148  2 54920.40453152 32.624
 78   5.694481   8.830443    59.327    59.293  3 54955.40455016 47.980
 80   5.696280   8.832174    61.857    61.857  2 55025.40456502 23.585
 81   5.695605   8.831208    60.117    60.117  2 55060.40455884 50.119
 82   5.693817   8.830695    60.817    60.817  2 55095.40451075 46.429
 83   5.695049   8.831170    60.387    60.387  2 55130.40450162 33.495
 84   5.696360   8.832212    60.157    60.157  2 55165.40447219 45.731
 85   5.694746   8.830948    59.825    59.825  2 55200.40449326 48.338
 86   5.693920   8.830325    59.845    59.845  2 55235.40447886 47.556
 87   5.695156   8.830768    59.322    59.322  2 55270.40448765 50.647
 88   5.695773   8.830980    59.381    59.402  3 55305.40445890 49.393
 89   5.695850   8.831764    61.558    61.558  2 55340.40445879 43.870
 90   5.695451   8.829994    58.978    58.978  2 55375.40445166 49.676
 91   5.696507   8.829686    59.644    59.644  2 55410.40447349 47.424
 92   5.695935   8.831219    61.263    61.263  2 55445.40446738 47.427
