#   66.079  -4.122   9.955 ;Mean Elev.(m), Avg Gradient(m/km), RMS Gradient(m/km) - SRTM1     
#   76.114  -4.092  10.148 ;Mean Elev.(m), Avg Gradient(m/km), RMS Gradient(m/km) - ASTER GDEM
#   67.000  -4.063   9.889 ;Mean Elev.(m), Avg Gradient(m/km), RMS Gradient(m/km) - GMTED2010 
 10   5.332156   8.995251    66.115    66.115  2 52567.89816536 49.654
 11   5.326388   8.995753    66.831    66.831  2 52602.89816338 44.712
 18   5.327972   8.995147    66.476    66.476  2 52847.89824793 49.515
 19   5.326504   8.995115    67.772    67.772  2 52882.89828411 43.840
 32   5.329141   8.995789    64.964    64.964  2 53337.89824010 50.787
 35   5.330969   8.995326    65.006    65.006  2 53442.89819778 51.690
 39   5.330410   8.995495    65.433    65.433  2 53582.89826749 50.097
 40   5.327776   8.994919    67.549    67.549  2 53617.89822340 45.838
 42   5.326191   8.994799    65.983    65.983  2 53687.89824430 51.075
 43   5.333101   8.996493    64.866    64.866  2 53722.89816961 51.752
 49   5.319902   8.994146    64.349    64.349  2 53932.89825187 34.406
 51   5.331088   8.995656    66.119    66.119  2 54002.89819237 50.952
 52   5.331759   8.997142    65.691    65.691  2 54037.89822904 50.119
 55   5.328870   8.995313    65.621    65.621  2 54142.89815884 50.714
 62   5.330424   8.996632    66.407    66.407  2 54387.89814176 50.470
 64   5.329897   8.996299    65.394    65.394  2 54457.89811585 50.666
 76   5.328132   8.996099    65.763    65.763  2 54877.89810005 49.410
 79   5.327811   8.996016    65.408    65.408  2 54982.89811849 50.144
 84   5.329347   8.995042    66.628    66.628  2 55157.89803471 49.559
