#    7.637  -0.141   3.178 ;Mean Elev.(m), Avg Gradient(m/km), RMS Gradient(m/km) - SRTM1     
#   14.148  -0.276   2.721 ;Mean Elev.(m), Avg Gradient(m/km), RMS Gradient(m/km) - ASTER GDEM
#   10.877  -0.068   2.925 ;Mean Elev.(m), Avg Gradient(m/km), RMS Gradient(m/km) - GMTED2010 
  8   6.350511   5.319626     8.517     8.517  2 52502.40130272 47.873
  9   6.352359   5.319687    10.548    10.548  2 52537.40128815 48.678
 10   6.349493   5.319367    10.846    10.846  2 52572.40132644 42.581
 11   6.354109   5.317626     6.647     6.647  2 52607.40128403 23.438
 12   6.350669   5.318410     4.287     4.287  2 52642.40128219 51.417
 13   6.353819   5.318244     4.324     4.324  2 52677.40126773 38.380
 14   6.350381   5.319211     3.902     3.902  2 52712.40130045 49.037
 15   6.342493   5.319942     3.981     3.981  2 52747.40132710 31.976
 16   6.350554   5.318590     3.711     3.711  2 52782.40126633 41.487
 17   6.349731   5.318698     6.258     6.258  2 52817.40134539 24.085
 18   6.352932   5.317939     8.411     8.411  2 52852.40139583 39.213
 20   6.351389   5.320429    11.263    11.263  2 52922.40138455 47.052
 21   6.357814   5.317804     8.399     8.399  2 52957.40135047 53.245
 22   6.355697   5.317583     5.242     5.242  2 52992.40137289 51.644
 23   6.357145   5.316959     4.338     4.332  3 53027.40133834 50.953
 24   6.358178   5.317100     4.317     4.301  3 53062.40134721 43.794
 25   6.345855   5.320046     5.479     5.479  2 53097.40136867  9.197
 26   6.360174   5.316114     4.524     4.524  2 53132.40134395 49.135
 28   6.350737   5.318528     7.041     7.041  2 53202.40142137 28.116
 29   6.358070   5.317403     8.766     8.747  3 53237.40139027 37.873
 30   6.355369   5.317174    10.896    10.896  2 53272.40134741 39.288
 31   6.346592   5.319516     8.806     8.806  2 53307.40141107 44.612
 32   6.351115   5.318578     5.120     5.120  2 53342.40137819 35.983
 33   6.357186   5.318292     4.720     4.720  2 53377.40131382 51.060
 34   6.355795   5.318360     3.941     3.941  2 53412.40135376 41.491
 36   6.345394   5.319580     3.866     3.866  2 53482.40142413 47.726
 37   6.352872   5.319542     4.201     4.201  2 53517.40142518 51.065
 38   6.345439   5.318755     5.346     5.346  2 53552.40144693 34.676
 39   6.355393   5.317965     7.456     7.516  3 53587.40139962 26.696
 40   6.346393   5.319760     9.611     9.611  2 53622.40136678 41.224
 41   6.350376   5.318641    10.112    10.112  2 53657.40139489 49.655
 42   6.349831   5.317727     6.632     6.632  2 53692.40137961 52.254
 43   6.353886   5.318063     4.740     4.740  2 53727.40130283 49.913
 44   6.359344   5.316844     4.457     4.457  2 53762.40125771 50.627
 45   6.355359   5.318679     4.027     4.027  2 53797.40126914 46.122
 47   6.350306   5.319393     3.923     3.923  2 53867.40132776 47.002
 48   6.351152   5.320051     5.334     5.334  2 53902.40135786 47.313
 50   6.347748   5.318060     8.412     8.412  2 53972.40136060 36.821
 51   6.354732   5.318740    11.066    11.060  3 54007.40134560 46.100
 52   6.356638   5.317378    10.194    10.194  2 54042.40137117 44.189
 53   6.351701   5.317447     5.427     5.427  2 54077.40136528 52.790
 54   6.351013   5.319520     4.615     4.615  2 54112.40130405 48.731
 56   6.351002   5.318162     4.466     4.466  2 54182.40129266 27.475
 57   6.351387   5.319241     4.533     4.533  2 54217.40131574 45.880
 58   6.351199   5.317667     4.923     4.923  2 54252.40134177 28.794
 59   6.353634   5.318601     5.545     5.545  2 54287.40134686 22.570
 60   6.353557   5.318277     7.867     7.867  2 54322.40134394 42.237
 61   6.352974   5.318971    10.910    10.910  2 54357.40130228 39.714
 62   6.353059   5.318908    11.254    11.303  3 54392.40128452 45.418
 63   6.352960   5.317961     7.050     7.050  2 54427.40125293 52.256
 64   6.353704   5.319650     4.971     4.971  2 54462.40126207 38.409
 65   6.353444   5.319591     4.634     4.634  2 54497.40126087 42.085
 66   6.354463   5.319579     4.191     4.191  2 54532.40127531 29.998
 67   6.352636   5.319855     4.084     4.084  2 54567.40126524 45.359
 68   6.352152   5.318965     4.330     4.323  3 54602.40127053 35.733
 69   6.350792   5.317765     5.130     5.130  2 54637.40128242 30.018
 70   6.350978   5.318006     6.838     6.838  2 54672.40128537 29.420
 71   6.353894   5.318592     9.720     9.720  2 54707.40124463 43.598
 72   6.352617   5.319223    11.350    11.350  2 54742.40125061 48.543
 73   6.353726   5.318817     9.062     9.062  2 54777.40122663 33.570
 74   6.352884   5.318639     5.225     5.225  2 54812.40124379 44.693
 75   6.352361   5.319457     4.520     4.520  2 54847.40122652 37.764
 76   6.351168   5.318449     4.355     4.355  2 54882.40124773 47.276
 77   6.349762   5.319206     4.307     4.307  2 54917.40122925 49.503
 78   6.351155   5.317649     4.090     4.090  2 54952.40124087 44.423
 79   6.349950   5.319568     4.677     4.677  2 54987.40126540 51.569
 80   6.353732   5.319053     5.931     5.977  3 55022.40125781 36.186
 81   6.352961   5.319114     8.547     8.547  2 55057.40125352 36.410
 82   6.351383   5.318530    11.070    11.070  2 55092.40121018 44.388
 83   6.352315   5.317748    10.765    10.765  2 55127.40119442 34.572
 84   6.352064   5.318850     7.059     7.026  3 55162.40117146 30.099
 85   6.352398   5.319689     5.070     5.070  2 55197.40118479 36.890
 86   6.351039   5.318715     4.653     4.653  2 55232.40117583 30.124
 87   6.352966   5.319885     4.251     4.251  2 55267.40117951 39.086
 88   6.353049   5.317525     3.970     3.970  2 55302.40115548 42.455
 89   6.352424   5.320329     4.690     4.690  2 55337.40115365 49.435
 90   6.353340   5.319040     5.366     5.366  2 55372.40114404 46.471
 91   6.354327   5.319109     6.797     6.797  2 55407.40116374 16.566
 92   6.353024   5.319025     9.883     9.883  2 55442.40116273 34.117
 93   6.353088   5.318464    11.284    11.284  2 55477.40110387 51.058
